176                                              

0.873627865915974569230e-1 0.529903811802290292121e-17
0.655218292772350045089e0 -0.132570820640665054668e-15
0.797649398538354995356e-17 -0.287342590441146617681e-16
-0.519843094421373475150e-18 0.404714516612321598912e-17
-0.442111305543057489065e0 0.151354623278976418987e-15
0.886063848520244492222e0 -0.140106025739439310485e-15
-0.167886701136568373103e1 -0.866819636902160794989e-16

1.012025184922236e-01 -6.938893903907228e-18
1.264364262034576e+00 -2.220446049250313e-15
3.156327403989069e-01 0.000000000000000e+00
2.175979605820728e-01 1.249000902703301e-16
-3.854579223728382e-17 7.082828782438914e-17
3.687345192021866e-01 1.665334536937735e-16
-1.732050807568878e+00 -4.440892098500626e-16

0.233224800111475598556e0 0.332036915323685732915e-17
0.427909196201554579476e0 0.114247803925660029734e-16
-0.108420430767807480522e-18 -0.305526746688509234586e-18
0.306058471254201455041e-1 0.229800038590091681989e-17
-0.330077336677601406711e-1 -0.265883642143124876434e-17
-0.277848996396970750836e-17 0.616608342330029491848e-19
-0.431024270346589555487e0 0.341930260147615960875e-16

0.196478472625151597648e1 -0.143589025218548993479e-16
0.207761441979331116299e0 0.151661249205882475710e-16
0.179990627370413824904e-1 0.290479361349021622529e-18
0.203523864837807184067e-17 -0.123320158563946724406e-17
0.393206948691529922226e0 0.550571415715295220394e-18
0.154500498829322541108e1 0.167915811463692499217e-16
-0.345133034852408830564e1 -0.389228579922296091809e-16

0.144050641424559326817e0 -0.135864084739589774387e-16
-0.173910437693612895667e1 -0.167129764888640508502e-15
0.131234192220692517497e0 -0.647810798060088899319e-17
-0.148456114321687084898e-18 0.110926901535144621862e-17
0.498561733602012292158e0 -0.288668828424265555554e-17
0.609870550752428617659e0 -0.606340064962518354719e-16
-0.244616415149797275801e1 0.750267903359969068333e-16

7.891078812175917e-02 -3.295974604355933e-16
2.649649859725499e-02 2.133709875451473e-16
3.110422637086722e-01 4.926614671774132e-15
2.584021203156937e+00 4.540812170716890e-14
1.432261532827773e+00 2.475797344914099e-14
2.259399832667984e+00 3.852473895449293e-14
-6.368072854820576e-01 1.609823385706477e-15

0.10570753292598696522329730275053623777232091673981e0 0.30870998129075873608537353802895736697507461270514e-21
0.70973762300050226171525820896916459622987265917807e-1 -0.74292382609819893515519841546503993023719044845088e-19
0.37282299159846531965483376247686457564699703796041e0 0.12594091038661769033169906752238264907641747938801e-18
-0.15393867387681741848684161021876498859655063138893e3 -0.26699579191007046757203380878617171409822944163298e-13
-0.11439425532379151667788691561265384504360170470596e3 -0.19637215580569979585373130771852031855796835570153e-13
0.25325161067356182814415077638027381867175868797484e0 -0.12430870446820703351630979431707928719857223724288e-18
-0.17320466460711605839933503810484153484798417554711e1 -0.23252977466682714014107737894456760876861508864299e-21

0.883377946045499407756e-1 0.203287907341032081376e-18
0.207301434628962311243e0 0.162630325872825665101e-18
0.415800753647267934984e0 -0.154498809579184381846e-17
0.210191013581437463977e1 -0.336102673470506374542e-17
0.114673541088576316804e1 -0.447233396150270579028e-18
0.335344998051764811933e0 0.271050543121376108502e-18
-0.164529224652643090972e1 -0.130104260698260532081e-17

0.933739379762645947992e-1 0.106810854648767272757e-17
0.254501529130052159792e-2 -0.963658796179376817004e-18
0.613954002285691989189e-1 0.651368336438556960744e-18
0.617818331569575851861e0 0.248688873313862579550e-16
0.732662587598718065436e0 0.833480420098231533643e-17
0.788876423541543729848e0 0.117026071992654134846e-16
-0.187165966050488029348e1 0.446691295064027826811e-16

0.873627865915974468534e-1 0.213452302708083685445e-17
-0.124489937993831797157e-17 0.281027141145803174570e-17
0.132870132308212385375e-16 -0.149696191021458181728e-16
0.655218292772350002155e0 -0.387873327206689211266e-16
-0.442111305543057523705e0 0.203355669976812425404e-15
0.886063848520244501492e0 -0.361039323437672976524e-16
-0.167886701136568384412e1 -0.235813972515597214397e-16

0.10009486134275814893670307954879470849683405089186e0 -0.36518548368877857356852599207021675832136268796011e-18
0.12319652840123300222409652823362852362395787656208e-17 -0.35641909125561522580993567281734397929654401480896e-17
0.23330654068854689822604317089599077765561960214777e0 -0.18712592283851179920798366989616020164378624092574e-17
0.94577719402055856613718730843360453854169975389156e0 0.23593302464147979028250571320416818972555521118986e-17
-0.12218228241126238185293824084626530002545933881122e-21 0.16858813329582944810172408539419645600981735905884e-22
0.10518417231767447354597062857381535784763513517011e-3 -0.34432696576025883622225084438544685065346693880392e-17
-0.95567688579729731084382203108504275337237078600390e0 0.12029474243991233942697725039487922490107611272747e-16

1.245063632585461e-02 1.231653667943533e-16
-1.334116338356856e+00 4.773959005888173e-15
3.684655157990185e-01 0.000000000000000e+00
7.051693742249554e-01 5.551115123125783e-17
1.329530976883789e-01 -6.938893903907228e-17
1.322255983997061e+00 0.000000000000000e+00
3.419164676172314e+00 -3.330669073875470e-16

0.247496281478414813324538968050e0 -0.116397655748685507420466026992e-16
-0.573355568745386219796552273868e-18 0.477199447171457355033904369103e-18
0.655171509630647383241547769874e-18 -0.313920747637554290072244709993e-18
0.417948133538073857204228606175e0 0.656219240797544272390322308141e-16
-0.419769649702583244932316987559e-1 -0.764198323235193888649796371319e-18
-0.233079234634721885976000281949e-1 -0.223422524634357772498051195987e-18
-0.409690901548257067987311422828e0 0.742198292779894182077435103121e-17

8.326227772762908e-02 4.163336342344337e-17
1.418661718847037e-02 1.040834085586084e-17
3.321897672396956e-01 8.326672684688674e-17
1.973415021784548e+00 1.221245327087672e-15
3.505610125335398e-02 -7.979727989493313e-17
7.496665534090278e-01 -8.604228440844963e-16
2.253487011179010e+00 -6.661338147750939e-16

3.922983608550686e-02 8.673617379884035e-17
-5.191570536516460e+00 -4.796163466380676e-14
2.420465648661367e-01 3.191891195797325e-16
1.802675120092363e-18 1.021913038962170e-17
4.233172439049613e-02 -2.220446049250313e-16
1.188587135009447e+00 -6.661338147750939e-16
2.448935124430282e+00 -5.412337245047638e-16

1.000948613427582e-01 6.938893903907228e-17
9.457771940205444e-01 -2.775557561562891e-16
2.333065406885420e-01 -4.107825191113079e-15
-6.677218071234284e-20 4.456815069660935e-20
5.016123267640462e-22 1.210709611848630e-22
1.051841723177317e-04 4.936508016598062e-17
9.556768857972840e-01 -1.074140776324839e-14

1.069238211451726e-01 2.862293735361732e-16
5.974836021689595e-01 -1.040834085586084e-16
9.624332692726179e-02 1.717376241217039e-16
1.374442119209435e+00 -2.226344109068634e-13
2.913243340713070e-01 -1.318389841742373e-16
5.697716158407262e-01 -1.419003803349028e-15
8.825315874959370e-01 -5.384581669432009e-15

0.593877397857580749917e0 -0.297721916564519517578e-15
-0.975764361310383578585e-18 0.288537969061269092665e-17
0.673615338612534341519e-1 -0.466545747347668626759e-17
0.323503034438597809652e0 0.274411569856081172247e-15
0.206248297709395003982e-1 -0.286890059235031524842e-17
-0.112221369422969590206e-17 0.675867770061539454407e-17
-0.296446319393049675857e0 0.230121911110048316118e-16

5.681359030094697e-02 -7.979727989493313e-17
7.547838991397202e-01 5.828670879282072e-16
3.506366477619125e-01 -2.220446049250313e-16
-1.159721012004546e+00 -2.553512956637860e-15
1.037413460891925e-01 -1.977584762613560e-16
1.156645441500453e+00 -7.216449660063518e-16
-2.970614495512514e+00 2.442490654175344e-15

-9.491996607747587e-03 2.471980953266950e-17
-6.783799304759828e-01 -1.665334536937735e-16
-1.977762158549730e-02 3.469446951953614e-17
6.223585669658729e-03 -5.204170427930421e-18
4.289989421752625e-01 2.775557561562891e-17
1.565663880232866e+00 3.330669073875470e-16
3.571556701895308e+00 -1.110223024625157e-16

0.106923821145172195962e0 -0.186347248395946074595e-18
0.137444211921138275366e1 -0.911542976517187852892e-16
0.962433269272630805759e-1 -0.128494898098477361437e-17
0.597483602168978173504e0 0.596988821224830878975e-17
0.291324334071320456460e0 -0.102558749253550685054e-16
0.569771615840742954792e0 0.125360876193636450182e-17
0.882531587495928498098e0 -0.784962372879505210221e-16

2.407005177921760e-01 2.636779683484747e-16
2.868053078255461e-01 -1.387778780781446e-17
1.143340932325942e-01 0.000000000000000e+00
8.677859509007342e-01 6.938893903907228e-15
1.626064643784663e-01 2.775557561562891e-17
2.318329910331940e-01 2.775557561562891e-17
3.349084599012863e-01 -3.608224830031759e-16

0.389710702708204387502e0 0.225988390327447330463e-17
0.472976812398629799158e0 0.296461531539005118674e-19
0.552132772704916446172e-1 0.143254447204383544845e-18
0.105348637610415473009e-19 -0.119213190953609189638e-20
0.127569886079777628161e-1 -0.793299294662855661309e-19
0.688660911561805039462e-19 -0.784433803934340236532e-19
-0.311323240447538850595e0 0.500088252058938920186e-17

0.704086899174296389659e0 0.230067701001424040896e-15
0.209459236173740931510e-16 0.357744052921475474330e-16
-0.446939328411150800856e-16 -0.895878920473874934962e-16
-0.193446051997614166980e2 -0.796324811647153296690e-14
-0.121307723474419004942e2 -0.458790991308966056295e-14
-0.182547142779283767602e2 -0.662490895475542629356e-14
-0.844604442324068154760e0 0.271050543121376108502e-17

0.466032132271547759968681997443e1 0.169890902016812756695707616132e-15
-0.969933195146069836544882077294e-1 -0.200861863348293620611630966161e-17
-0.414936181280447674279556251357e-19 0.420761424799940489849193991911e-19
0.226028156211482745014496629134e-19 -0.207689317742343212825144630233e-19
0.405021737263291541160888544808e0 0.650672516873338284937225198787e-17
0.156454067160473858079543611482e1 0.293846363444955274220652860245e-16
-0.345193281231759637417526815311e1 -0.283458678435722268795177989440e-15

9.250285105540496e-02 -2.602085213965211e-17
6.185419509638377e-01 5.828670879282072e-16
6.147291936937138e-02 -3.582203977892107e-16
-1.996768788606546e-16 -2.274297360221698e-16
7.500979169486059e-01 -1.804112415015879e-16
7.932688643606568e-01 8.326672684688674e-16
-1.856748837017162e+00 -2.220446049250313e-16

0.101202518492223597422e0 -0.256820389607503862806e-17
0.217597960582072925441e0 -0.173201297054559333333e-16
0.315632740398906756491e0 0.368764263916632195617e-16
0.126436426203457314798e1 0.186482773667506762649e-15
-0.776169505993755324632e-16 0.104422940239516567021e-15
0.368734519202186468098e0 0.248953147593405921256e-15
-0.173205080756887728490e1 -0.645208712846123688678e-15

0.912253450861707670494392500716e-1 -0.128568928568933872931263422303e-17
0.612118641057319863982749091535e0 0.124665911256506780091364562526e-16
0.679302148048563153459091386460e-1 -0.929722890212362066652315317054e-18
0.739287627453765908984835560230e1 0.188007491084533137784875610158e-13
0.872459161781863763450082690927e0 0.408993791814619968371633361908e-16
0.787501405841399926535778642978e0 0.109918948639891989274308387865e-16
-0.181186377801663798658638870694e1 0.322096280324001076256611162071e-16

2.955946317870610e-01 -3.469446951953614e-17
4.982045614652566e-01 3.747002708109903e-16
3.773870154627200e-02 8.673617379884035e-19
8.791160420776168e-03 -1.517883041479706e-17
-4.001366058610134e-20 9.815803028778674e-21
-6.466184373796519e-20 -7.581099132951212e-20
3.430106421880303e-01 0.000000000000000e+00

0.174363886667727343732082137184e0 0.243757058076071965354413093667e-19
0.150509222253277012686924667178e-1 -0.776895222634840916189683709883e-20
0.449511451258214018995722799779e0 -0.639727842872472349478979969848e-21
0.267663177498758628612810158676e0 -0.367058445344660800621778367448e-19
0.266694948926317130296575236676e-1 -0.140964156223590187227144641639e-19
0.640869671066020754481205757021e1 -0.107796315864606312927766790377e-16
-0.640806617735578021568440464709e1 0.614466674276776770105375694878e-17

1.196318052627251e-01 8.326672684688674e-17
1.657094886804272e-01 -2.775557561562891e-17
2.214527399774652e-01 -1.387778780781446e-16
-7.721722926409165e-17 -3.454765878487936e-18
6.249145394703629e-01 -1.054711873393899e-15
4.177547132299677e-01 3.608224830031759e-16
-1.971543551036485e+00 -1.443289932012704e-15

0.832622777276290646086e-1 0.941223010988978536773e-17
0.197341502178455999086e1 -0.238903948707180902034e-14
0.332189767239695380976e0 0.145825192199300346374e-16
0.141866171884704309367e-1 0.464047000153268440759e-17
0.350561012533540281667e-1 0.228292319943979027386e-16
0.749666553409027637057e0 -0.175423911508154617422e-15
-0.225348701117901131785e1 0.527464356914197907145e-16

1.103492472943718e-01 -5.204170427930421e-17
7.318033652366110e-01 -1.582067810090848e-15
2.677946819399712e-01 2.151057110211241e-16
7.808193269368360e-19 4.306565506689747e-19
-8.217611852447169e-02 6.054184931159057e-16
8.707980829496516e-19 4.928832671867936e-19
-1.202505996028560e+00 3.330669073875470e-16

5.681359030094709e-02 3.469446951953614e-18
-1.159721012004542e+00 2.164934898019055e-15
3.506366477619122e-01 -5.551115123125783e-17
7.547838991397213e-01 3.330669073875470e-16
1.037413460891922e-01 -4.163336342344337e-17
1.156645441500452e+00 -4.440892098500626e-16
-2.970614495512511e+00 2.220446049250313e-16

2.407005177921796e-01 -2.914335439641036e-16
8.677859509007404e-01 4.690692279041286e-15
1.143340932325944e-01 -3.469446951953614e-17
2.868053078255452e-01 1.387778780781446e-16
1.626064643784662e-01 3.469446951953614e-17
2.318329910331936e-01 1.318389841742373e-16
3.349084599012848e-01 1.665334536937735e-16

-1.741437202775004e-01 -5.251875323519783e-16
3.784859496439914e-02 1.301042606982605e-18
4.016288467464084e-01 -2.515349040166370e-17
5.659847204443522e-01 -8.239936510889834e-17
1.269695796776415e-01 -1.435483676370808e-16
1.252617048737897e+00 -1.162264728904461e-16
-3.492371805728134e+00 1.776356839400250e-15

1.440506414245594e-01 -2.428612866367530e-17
-1.476469632748891e-18 4.633682081548296e-18
1.312341922206927e-01 -2.081668171172169e-16
-1.739104376936086e+00 -9.880984919163893e-15
4.985617336020126e-01 -7.632783294297951e-17
6.098705507524274e-01 5.967448757360216e-16
-2.446164151497973e+00 -6.661338147750939e-16

0.100083740993971133857e0 0.557347679293329623107e-17
0.945849715583566650310e0 -0.325260651745651330202e-17
0.233249592339362197296e0 0.117161597264214822900e-16
-0.108877906120238308996e-3 0.327398086448488353714e-18
0.218463994913984050519e-22 0.621544220236922990716e-22
0.805026385051776115460e-18 0.247444370969384545066e-18
0.955309433346280087289e0 0.673696124928180317681e-16

0.883377946045499405791e-1 -0.338813178901720135627e-19
0.207301434628962311948e0 -0.298155597433513719352e-18
0.415800753647267936204e0 0.386247023947960954615e-18
0.210191013581437463609e1 0.130646361784503284298e-16
0.114673541088576316706e1 0.318484388167616927490e-17
0.335344998051764811906e0 -0.135525271560688054251e-18
0.164529224652643090809e1 -0.108420217248550443401e-18

0.981212509017770178188131551890e-1 0.173299477026791107958678675930e-18
0.100881836841753023521443527452e1 -0.103345935943353333239089573403e-16
0.237085302142034926153970547056e0 -0.247563687508055206827275355174e-17
0.412282746624273420812666683484e-1 -0.850069424119155281512617143653e-19
0.297247841485006031182142841407e-1 -0.211237848778733321468690659648e-18
0.407331543162600104845286239851e-1 0.466060966450608459906856478570e-19
0.965016461088846740574597746782e0 -0.214870899011636284729810954553e-16

0.295594631787061337431e0 -0.134441069388202549817e-16
0.879116042077621622278e-2 -0.422076517616817858958e-17
0.377387015462719907076e-1 -0.205490193003893262258e-17
0.498204561465255702109e0 -0.575711353589802854458e-16
0.189132055768710365186e-17 -0.129183744613910596095e-17
0.525487734490858144078e-17 -0.231696166354385053173e-17
-0.343010642188030333635e0 -0.354534110402759949920e-16

8.736278659159742e-02 6.938893903907228e-18
3.138934999671872e-19 1.001633907386923e-19
-1.847147539110101e-18 -1.233208767435897e-18
6.552182927723502e-01 0.000000000000000e+00
-4.421113055430549e-01 6.938893903907228e-16
8.860638485202447e-01 5.551115123125783e-17
1.678867011365683e+00 -1.110223024625157e-16

2.407005177921788e-01 3.608224830031759e-16
2.868053078255451e-01 8.326672684688674e-17
1.143340932325943e-01 6.938893903907228e-18
8.677859509007295e-01 9.048317650695026e-15
1.626064643784660e-01 9.020562075079397e-17
2.318329910331932e-01 1.665334536937735e-16
-3.349084599012850e-01 0.000000000000000e+00

1.919860362250572e-01 0.000000000000000e+00
1.430978242926478e-01 0.000000000000000e+00
7.537167916893972e-20 7.305579844571829e-20
4.838341297245538e-01 8.326672684688674e-16
6.369249150077917e-19 7.549652363478248e-19
9.449495366961069e-02 3.469446951953614e-17
-5.324329638638390e-01 -5.551115123125783e-17

0.100083740993971141094e0 0.521433482329747288730e-17
-0.108877906120236821182e-3 0.182951175673048364173e-17
0.233249592339362211919e0 -0.136067372646930806468e-16
0.945849715583566867639e0 -0.743762690325056041729e-16
0.120889849282050877002e-21 0.760663289334850817360e-22
0.233698970487140154582e-17 0.182089568583387812641e-17
0.955309433346280020502e0 0.131866089228549476786e-16

9.337393797626460e-02 3.642919299551295e-17
2.545015291300408e-03 2.048600004911361e-16
6.139540022856929e-02 -3.469446951953614e-18
6.178183315695754e-01 -1.110223024625157e-16
7.326625875987159e-01 1.235123114895487e-15
7.888764235415435e-01 -3.747002708109903e-16
1.871659660504881e+00 5.551115123125783e-16

0.104617169471629063382e0 -0.650521303491302660404e-18
-0.107162001956539159708e1 -0.847846098883664467394e-16
-0.503376737624493431901e-20 0.102223669484283984247e-19
0.514232032351170427166e-21 -0.215385725341277693283e-20
0.424826933567749992862e0 0.119939865331208928012e-16
0.133244092803053890616e1 0.439643980942872047990e-16
-0.310378984232086956355e1 0.520417042793042128324e-17

9.428482176727406e-01 5.953570969552402e-15
-2.885226301129336e-01 -9.714451465470120e-17
-1.499874667283092e-16 1.221903272229818e-16
3.176126996301566e-17 3.102563490079996e-17
-1.410549312740300e-01 1.734723475976807e-17
-2.451604196424091e-01 -1.110223024625157e-16
2.940369805038345e-01 -2.775557561562891e-17

2.474962814784148e-01 4.163336342344337e-17
4.582699644965489e-18 5.308562915082355e-20
1.111193202722856e-19 -1.156664397756421e-18
4.179481335380735e-01 1.110223024625157e-16
-4.197696497025832e-02 3.469446951953614e-18
-2.330792346347218e-02 8.673617379884035e-18
4.096909015482569e-01 0.000000000000000e+00

0.101202518492223596561e0 0.124344436656931289775e-17
0.126436426203457305463e1 -0.126689023854931193114e-15
0.315632740398906775167e0 -0.547522097105179739174e-17
0.217597960582072898797e0 0.102728155843001545122e-16
0.207401359168866621942e-16 0.444129582547818753270e-17
0.368734519202186527783e0 -0.664615931733614218047e-16
0.173205080756887753513e1 -0.414598910758456895564e-15

0.392298360855067259503801033264e-1 -0.190202067180649223093433389756e-17
-0.519157053651642457098641908027e1 0.676180322824358517731896386536e-15
0.242046564866136560163635375646e0 -0.426787883055515815544279051454e-16
-0.209246247431223961585085674909e-19 -0.151160065805903018858972547201e-19
0.423317243904960156729178796470e-1 -0.186362082484847712337140826744e-17
0.118858713500944697456100686474e1 -0.864043986147286766696421731632e-16
-0.244893512443028199799218235491e1 0.110181768525205037502955596194e-15

-1.741437202775027e-01 8.326672684688674e-16
5.659847204443518e-01 -8.604228440844963e-16
4.016288467464082e-01 0.000000000000000e+00
3.784859496439933e-02 -3.816391647148976e-17
1.269695796776416e-01 -1.318389841742373e-16
1.252617048737896e+00 0.000000000000000e+00
-3.492371805728134e+00 4.440892098500626e-16

0.829293196185285168943e-1 -0.643745039913268257692e-19
0.132718572390820082328e1 0.195156391047390798121e-16
0.231365242192756857589e0 -0.847032947254300339068e-18
0.167691333008921448252e0 -0.109775469964157323943e-17
0.142513605775614750134e0 -0.731836466427715492955e-18
0.158387119666958658008e0 -0.111808349037567644757e-17
0.806008439173097374899e0 -0.411996825544491684923e-17

8.613720401253255e-01 -4.433953204596719e-15
9.151933004195638e-19 5.328163583508131e-20
6.221938115804174e-02 -5.941427905220564e-17
5.031038485169327e-02 3.573530360512223e-16
-1.490018903571216e-18 -6.604054405177186e-19
-3.543963314799791e-02 6.938893903907228e-17
2.926936118926551e-01 1.110223024625157e-16

3.753310379554097e-01 -3.524958103184872e-15
-2.383476718788271e-20 2.940058112075307e-19
4.859386522219011e-01 -5.342948306008566e-16
1.770670813285739e-01 6.626643678231403e-16
-3.061878354895971e-20 4.301083971995967e-19
1.799084630879392e+00 8.937295348232510e-15
-3.651728381705833e+00 -4.884981308350689e-15

3.753310379553995e-01 1.318389841742373e-15
1.770670813285752e-01 -9.714451465470120e-17
4.859386522218996e-01 2.498001805406602e-16
8.825995439634910e-18 9.076036186685154e-18
1.551821494922536e-17 1.511395379287366e-17
1.799084630879414e+00 -4.052314039881821e-15
-3.651728381705847e+00 2.220446049250313e-15

9.250285105540512e-02 1.908195823574488e-17
6.185419509638388e-01 -6.522560269672795e-16
6.147291936937129e-02 3.564856743132339e-16
2.799230970329178e-16 2.556862389208290e-17
7.500979169486053e-01 7.494005416219807e-16
7.932688643606571e-01 -5.967448757360216e-16
1.856748837017164e+00 -7.771561172376096e-16

0.196478472625151701038e1 -0.438586883824698681167e-15
0.399476933547283796599e-17 -0.258156806794543607885e-17
0.179990627370413770237e-1 -0.862914815015318470426e-18
0.207761441979331085508e0 0.103778476697596877543e-16
0.393206948691529936673e0 0.867361737988403547206e-17
0.154500498829322493511e1 0.155176435936987822117e-16
-0.345133034852408818985e1 0.749183701187483563899e-16

3.143223455753965e-01 -1.387778780781446e-16
-1.091719088804578e-21 4.770391600200666e-20
4.076844911340695e-02 3.469446951953614e-18
4.931070655300419e-01 5.551115123125783e-16
-1.056832316315411e-18 5.143054986257089e-19
-5.192895062694483e-03 1.170938346284345e-17
3.335605920893135e-01 5.551115123125783e-17

1.012025184922236e-01 -1.734723475976807e-17
2.175979605820731e-01 -1.387778780781446e-17
3.156327403989066e-01 0.000000000000000e+00
1.264364262034572e+00 2.942091015256665e-15
-1.696251551862382e-17 -1.269073965993327e-17
3.687345192021864e-01 3.191891195797325e-16
1.732050807568878e+00 0.000000000000000e+00

8.326227772762904e-02 -1.387778780781446e-17
1.973415021784553e+00 4.218847493575595e-15
3.321897672396954e-01 -2.775557561562891e-17
1.418661718847045e-02 -7.719519468096792e-17
3.505610125335410e-02 -1.144917494144693e-16
7.496665534090283e-01 1.665334536937735e-16
2.253487011179013e+00 -5.551115123125783e-17

1.099693187527301e-01 8.326672684688674e-17
-8.402262807209262e-01 -5.662137425588298e-15
1.417820908422788e-01 -1.665334536937735e-16
7.533666003912529e-01 3.552713678800501e-15
-4.610835754736888e-01 -3.164135620181696e-15
-7.547764713950071e-01 -4.996003610813204e-15
7.217790553125765e-01 2.220446049250313e-16

0.981212509017770206842513433664e-1 -0.512749875867195110950384275745e-17
0.412282746624273337084211695263e-1 0.333039019288243309278436214826e-16
0.237085302142034963446318756113e0 -0.703087586082422665227032496825e-17
0.100881836841753031449381749623e1 0.103221930338597812849603376774e-15
0.297247841485005981710012487858e-1 0.409727480858257111436675106279e-16
0.407331543162600017312869170840e-1 0.321724721810675164981940821168e-16
-0.965016461088846674092964771504e0 0.699612152988219259347708871414e-16

0.925028510554047991954e-1 0.874985034513692250258e-18
-0.487076357062907972673e-16 -0.331045406638874463126e-18
0.614729193693710220084e-1 0.205998412772245842461e-17
0.618541950963839703027e0 -0.894466792300541158056e-18
0.750097916948613622145e0 0.100627514133810880281e-16
0.793268864360659017062e0 0.481114714040442592591e-17
-0.185674883701715821849e1 -0.175152860965033241314e-15

0.191986036225057254999e0 0.101643953670516040688e-18
0.483834129724554807260e0 0.284603070277444913927e-18
-0.211818031920582608119e-19 0.446648957742717784291e-19
0.143097824292647683253e0 -0.176182853028894470526e-18
-0.103501393650660117113e-18 0.214135188044269266187e-19
0.944949536696106660294e-1 -0.108420217248550443401e-18
-0.532432963863838917482e0 0.298155597433513719352e-18

0.392298360855067278021e-1 0.804046025181144596861e-18
-0.112877642037828316811e-18 0.116737739612590621064e-18
0.242046564866136571312e0 0.283756037330190613588e-17
-0.519157053651642411097e1 -0.357786716920216463222e-16
0.423317243904960196387e-1 -0.161804468749252722271e-17
0.118858713500944704452e1 -0.761652026171066864890e-17
-0.244893512443028178597e1 0.377302356024955543035e-16

8.736278659159748e-02 -1.526556658859590e-16
6.552182927723500e-01 1.387778780781446e-15
-4.944124701995980e-19 -5.141147832661424e-20
3.507203441650012e-20 -2.243938736428271e-20
-4.421113055430528e-01 -6.966649479522857e-15
8.860638485202446e-01 1.387778780781446e-15
1.678867011365683e+00 1.221245327087672e-15

0.148012759692523286040e0 0.237186165890149180946e-16
-0.162535182302423693226e-1 -0.140620174738422670790e-16
0.368154175283784655094e-1 0.329216295609328912786e-16
-0.840673956485718648570e0 0.108975870861949264423e-15
0.449504755209803245181e0 0.169237182861409207746e-16
0.104548260722988815776e1 -0.236450941291932448252e-15
0.292715062170043362698e1 -0.264992563482613352477e-15

0.174363886667727302699e0 0.694702542020086966090e-16
0.267663177498758697765e0 -0.673628362292399973654e-16
0.449511451258214031240e0 0.142979161496525897235e-16
0.150509222253277181966e-1 -0.210589331346364150299e-16
0.266694948926317416105e-1 -0.351137508284270205561e-16
0.640869671066022815291e1 -0.266540262083836410056e-13
0.640806617735578996518e1 -0.146611238774352337089e-13

5.938773978575783e-01 -4.982125823005390e-15
3.235030344385986e-01 1.644517855226013e-15
6.736153386125336e-02 -1.838806884535416e-16
-2.312444556382604e-20 2.700255116132893e-20
2.062482977093945e-02 -1.092875789865388e-16
-5.561154902649446e-20 8.590978381574599e-20
2.964463193930498e-01 1.942890293094024e-16

0.593877397857579527425e0 0.128830323145590064371e-15
0.130696421537879047400e-17 -0.280652866971922758114e-17
0.673615338612533647088e-1 0.448588648865877459571e-17
0.323503034438598640802e0 -0.166696084019646306729e-15
0.206248297709394639318e-1 -0.219466236633589217853e-17
0.214084450974958894326e-17 -0.656202332641252207883e-17
0.296446319393049781296e0 0.153414607406698877412e-16

0.314322345575396911062e0 0.874138001566437949919e-18
0.493107065530040641541e0 -0.413352078260098565465e-18
0.407684491134069368500e-1 0.165594941188215716288e-18
0.196356765461253415510e-19 0.378927577594074192862e-21
-0.180785170557275040735e-18 0.147432483818325318697e-18
-0.519289506269450552303e-2 0.564865096700211538616e-19
-0.333560592089313399933e0 0.311708124589582524777e-18

0.829293196185285135786382663680e-1 0.160389100926781000607648863839e-17
0.167691333008921435511278155168e0 0.604907047356615795094217345317e-17
0.231365242192756840764504106245e0 0.593721897848346544859115839541e-17
0.132718572390820080983096577173e1 0.342542789770542185759749672221e-16
0.142513605775614744299570033531e0 0.600120997670442268457941441047e-17
0.158387119666958649142303330348e0 0.767113206160374327182743154135e-17
-0.806008439173097371228636107294e0 0.302842132659585000247795189360e-16

1.122583792371267e+00 -2.640110352558622e-13
-9.761926496711800e-18 -1.327822056371523e-17
3.477072986722606e-01 7.216449660063518e-16
7.019078174683314e-01 6.661338147750939e-16
1.546080658930804e-01 7.077671781985373e-16
1.322655178680668e+00 -8.881784197001252e-15
-3.449987397783962e+00 1.776356839400250e-15

8.292931961852913e-02 -2.636779683484747e-16
1.327185723908204e+00 1.143529715363911e-14
2.313652421927597e-01 -2.303712776097200e-15
1.676913330089239e-01 -1.720845688168993e-15
1.425136057756159e-01 -1.221245327087672e-15
1.583871196669615e-01 -1.901256929670581e-15
-8.060084391731146e-01 1.099120794378905e-14

0.105707532925986945520e0 -0.437069000783218974959e-18
-0.153938673876844873536e3 0.166234977172496911635e-10
0.372822991598465490151e0 -0.714014893217485013821e-16
0.709737623000500995386e-1 0.476523795466324284753e-16
-0.114394255323807564978e3 0.109189463026737598739e-10
0.253251610673561612376e0 0.761313212992165144755e-16
0.173204664607116040165e1 0.537764277552810199268e-16

0.704086899174296527530675828430e0 -0.663761409110515256224466537357e-16
-0.193446051997614211972579160886e2 0.232594046384157905973497126763e-14
-0.355731509182917030863837590190e-16 0.395940504497166936401586726140e-16
0.156099194394718068562059582352e-16 -0.177886358832602299113172271216e-16
-0.121307723474419033388536598683e2 0.142626832746316976716563449305e-14
-0.182547142779283808328180522838e2 0.217328155854609878353641100113e-14
-0.844604442324068151706699986835e0 -0.332197106799762373903466648221e-17

0.110349247294371849787639480477e0 0.202469394535127054145557207733e-17
0.116284590154876081643177567546e-17 -0.219583431745519249365086710042e-18
0.267794681939971246554634057905e0 -0.245640624259616638324433515596e-16
0.731803365236611364874001826026e0 -0.224336061249811197980601151625e-16
-0.821761185244717288958144142181e-1 -0.728519904572940160483403340465e-17
0.120683585923579560135912862422e-17 -0.269400540065637336805242762451e-18
-0.120250599602855955819692631326e1 -0.520060929759435924425220115123e-17

0.389710702708204278783e0 0.424058574713392921751e-16
-0.285018573208734604615e-20 -0.493012389486261936089e-20
0.552132772704916287675e-1 0.298494410612415439488e-17
0.472976812398629722803e0 0.360497222351430224307e-17
0.127569886079777592822e-1 0.456550758570067882758e-18
-0.631342183462224961792e-19 -0.148171564430858253113e-18
-0.311323240447538812105e0 -0.440457132572236176316e-17

0.746351316488499933166e-1 -0.124813692909710172163e-15
0.823598541359786352706e-18 -0.446449415768283940779e-19
-0.249998113800644033255e-17 -0.437937695986887590023e-18
-0.144247890486844013787e1 -0.141304069140035792884e-14
0.409709632719523871285e0 -0.591161234547721292643e-16
0.136928545523700815614e1 0.141230885493393021335e-15
-0.302241035148070940762e1 0.228658238177192885132e-15

0.746351316488498665733e-1 -0.687113126812688435052e-17
-0.144247890486844146710e1 -0.293276687657328949399e-16
-0.305841923860859941937e-19 0.473454193798040066873e-20
0.895255348562922926668e-20 -0.137072223399435930436e-20
0.409709632719523781025e0 -0.425549352700560490348e-17
0.136928545523700819159e1 -0.101427113236018939801e-15
-0.302241035148070932262e1 -0.261726404438000770369e-15

0.981212509017770196547e-1 0.314249223431345425794e-18
0.100881836841753029857e1 -0.548741824549225931662e-16
0.237085302142034968657e0 0.506186889279169882627e-17
0.412282746624273468318e-1 -0.451045044412914930554e-18
0.297247841485006095182e-1 -0.161296248980900142067e-17
0.407331543162600148470e-1 -0.217475709207541612056e-18
-0.965016461088846684709e0 -0.191090632900570156494e-16

0.912253450861707724899076740035e-1 0.336280830157103879727134337640e-17
0.739287627453773937163437361257e1 0.129221695731441179235685363398e-13
0.679302148048563112231158073487e-1 0.523316145923382885806502931465e-17
0.612118641057320056660341846846e0 0.606895058248233940870377640028e-16
0.872459161781864064042792589762e0 0.634796793853701254641258150117e-16
0.787501405841400075801311690331e0 0.638179597828698737917332531999e-16
-0.181186377801663831627088066127e1 -0.735173349074872702733951248011e-16

0.789107881217589085711e-1 -0.205388549050222746217e-16
0.258402120315700879142e1 0.456449114616397366717e-15
0.311042263708675468875e0 0.127393755267046770996e-16
0.264964985972551886733e-1 -0.259022675270365043687e-17
0.143226153282781175032e1 0.303522398187316966300e-15
0.225939983266804753493e1 0.475422652634893694312e-15
-0.636807285482058338714e0 -0.860043373324126392276e-16

9.428482176727596e-01 -1.559863349598345e-14
-1.436086184090122e-20 -1.088032858273696e-19
1.653784369157604e-18 1.177602615410825e-19
-2.885226301129358e-01 2.359223927328458e-15
-1.410549312740306e-01 7.771561172376096e-16
-2.451604196424105e-01 1.554312234475219e-15
-2.940369805038343e-01 -1.110223024625157e-16

0.314322345575396941582e0 -0.521094669150845568595e-16
0.144340708009913590483e-20 0.569895157829722633131e-20
0.407684491134069405905e-1 0.129426634340457091810e-17
0.493107065530040664689e0 -0.565004857136508498172e-16
0.137644072097450220473e-18 0.399726840113839681474e-18
-0.519289506269450604395e-2 0.896584374668676908904e-18
-0.333560592089313404541e0 0.110995197408203516432e-16

0.139007823778746854217e1 0.838630380417537679705e-16
-0.892253904028081005035e-2 -0.340613123914635523848e-18
0.343054915007211741482e-1 0.117398766489446026995e-17
0.399986607101258448952e0 0.195359678954731830203e-16
0.383166719815659893351e0 0.641034534482054496607e-17
0.152295423171200457397e1 -0.252077005102879780907e-17
-0.344991547425847671867e1 -0.872782748850831069376e-16

0.933739379762645735217e-1 0.103338019565024641366e-18
0.617818331569575810987e0 0.982558218814988393319e-19
0.613954002285691998981e-1 0.974087889342445389929e-20
0.254501529130047561335e-2 0.453625847924080376899e-18
0.732662587598718436450e0 -0.198544522836407999478e-17
0.788876423541543762591e0 -0.481114714040442592591e-18
-0.187165966050488008921e1 -0.173472347597680709441e-17

1.196318052627236e-01 -3.174543961037557e-16
2.623542367043455e-17 -2.499506301695753e-18
2.214527399774689e-01 1.092875789865388e-15
1.657094886804343e-01 1.127570259384925e-15
6.249145394703750e-01 2.879640970121500e-15
4.177547132299656e-01 -8.743006318923108e-16
-1.971543551036463e+00 4.996003610813204e-15

4.660321322758216e+00 4.661826480401032e-13
-9.699331951456466e-02 -2.038300084272748e-15
-2.726363498083345e-18 -2.101318866358911e-17
-1.519945875416087e-18 1.541874907907128e-17
4.050217372632875e-01 9.714451465470120e-17
1.564540671604763e+00 -3.330669073875470e-16
3.451932812317597e+00 -2.220446049250313e-16

-9.491996607747421e-03 -1.478851763270228e-16
-6.783799304759823e-01 1.110223024625157e-15
-1.977762158549735e-02 2.255140518769849e-17
6.223585669658740e-03 2.168404344971009e-18
4.289989421752626e-01 8.326672684688674e-17
1.565663880232866e+00 -2.220446049250313e-16
-3.571556701895307e+00 -1.110223024625157e-15

0.100083740993971139822944194753e0 0.364152313890664931919800252169e-18
-0.108877906120240429530629614167e-3 0.356531900352622421119462064961e-17
0.233249592339362192739928710196e0 0.186484632049902965406175589397e-17
0.945849715583566657864832842710e0 -0.237485464399258624258128058271e-17
0.122200565043151469100560662924e-21 -0.168635518183533347040482830737e-22
-0.119040645263024538469933848807e-17 0.344435868469764020714634432296e-17
-0.955309433346280144334463806215e0 -0.120288045726532793276495394632e-16

0.861372040125337892140e0 -0.147858071272710667188e-16
0.503103848516923920735e-1 0.430716253678811722416e-18
0.622193811580419134613e-1 -0.772494047895921909230e-18
-0.874464839091399498117e-18 0.392533517753065558944e-18
-0.267739869365525321552e-18 0.134268539556757530083e-18
-0.354396331479980949775e-1 0.309590542221446773929e-18
-0.292693611892655007140e0 -0.200983977724500384454e-16

1.000948613427582e-01 -8.326672684688674e-17
9.457771940206039e-01 2.270406085358445e-14
2.333065406885395e-01 5.273559366969494e-15
8.311369153041270e-20 -7.610164665905780e-20
-1.436648439677573e-22 9.583714400357691e-23
1.051841723177692e-04 -6.090505703937321e-17
-9.556768857972777e-01 -1.387778780781446e-14

0.10570753292598695514189198694136029213494027596675142706560e0 0.11975868078506514898831928111103523919595079678458696096309e-17
-0.15393867387681719527284700452849381754186063335044088249798e3 -0.20149639074279628506920718402608406487509680731923428007956e-12
0.37282299159846531382962165421539806996944683779757343113295e0 -0.95867529996005919279615771678415498635843561912521793042383e-18
0.70973762300050230437048193519291869045900298056934457034420e-1 0.11002093052811387114150180986851071483081380422898211282056e-17
-0.11439425532379135009500771750840057686160291772834782453455e3 -0.14892675553950290594031431820571262116530258866088575201771e-12
0.25325161067356182251879493982196799713660051426346005773491e0 0.16577085076309778704884183481068382265396651204136053216206e-17
-0.17320466460711604624975086977961956929143049244268901821096e1 0.16837893118539425152464479427299553618074876665794037620248e-15

0.832622777276290660019323672927e-1 -0.165584460755084056777721578485e-17
0.141866171884704248087167299992e-1 -0.296761589987267808598044159359e-17
0.332189767239695362321263899234e0 -0.210588411480211923447777936887e-17
0.197341502178456066212976281652e1 0.230939030363746069554065817349e-15
0.350561012533540136192210610276e-1 -0.524615183939894313585553509268e-17
0.749666553409027637213858989602e0 0.151586182593061192312468178958e-16
-0.225348701117901138456035053114e1 -0.279832485191214360948887716832e-17

5.681359030094686e-02 1.162264728904461e-16
7.547838991397195e-01 1.110223024625157e-15
3.506366477619124e-01 -2.359223927328458e-16
-1.159721012004538e+00 -7.049916206369744e-15
1.037413460891926e-01 -2.012279232133096e-16
1.156645441500454e+00 -1.387778780781446e-15
2.970614495512518e+00 -3.441691376337985e-15

-1.741437202775027e-01 6.383782391594650e-16
5.659847204443517e-01 5.551115123125783e-17
4.016288467464083e-01 -8.326672684688674e-17
3.784859496439915e-02 -2.255140518769849e-17
1.269695796776414e-01 3.469446951953614e-17
1.252617048737897e+00 0.000000000000000e+00
3.492371805728134e+00 1.110223024625157e-16

0.112258379237098061332e1 -0.103649727689614223891e-15
0.128002393883279001068e-18 0.178848626480753459673e-18
0.347707298672261092703e0 -0.169677639993981443922e-16
0.701907817468331515667e0 -0.325260651745651330202e-18
0.154608065893080980636e0 -0.386924650305764394886e-17
0.132265517868066034900e1 0.165882932390282178403e-16
0.344998739778396062115e1 -0.448317598322756083462e-16

0.174363886667727336336e0 0.155176435936987822117e-17
0.150509222253277004140e-1 0.989334482393022796032e-18
0.449511451258213990339e0 -0.116958309356873790819e-16
0.267663177498758607180e0 -0.756231015308639342720e-17
0.266694948926317136026e-1 -0.163816171998981685576e-17
0.640869671066020695892e1 -0.407009495551058364526e-15
0.640806617735578033313e1 -0.143114686768086585289e-15

1.245063632585403e-02 1.821459649775647e-16
7.051693742249552e-01 -1.665334536937735e-16
3.684655157990184e-01 2.775557561562891e-17
-1.334116338356844e+00 5.551115123125783e-16
1.329530976883791e-01 2.775557561562891e-17
1.322255983997060e+00 -5.551115123125783e-17
3.419164676172317e+00 2.220446049250313e-16

0.109969318752730210659e0 0.301543729222530920708e-18
-0.840226280720924572818e0 -0.191632733986812908711e-16
0.141782090842278805061e0 -0.142301535138722456963e-17
0.753366600391248920768e0 -0.300866102864727480437e-17
-0.461083575473688217706e0 -0.108962318334793195618e-16
-0.754776471395005906363e0 -0.171032892709588324465e-16
-0.721779055312577018963e0 0.111130722679764204486e-17

5.681359030094662e-02 -2.081668171172169e-17
-1.159721012004538e+00 5.551115123125783e-16
3.506366477619128e-01 2.220446049250313e-16
7.547838991397183e-01 -7.216449660063518e-16
1.037413460891929e-01 4.163336342344337e-17
1.156645441500457e+00 9.992007221626409e-16
2.970614495512521e+00 2.609024107869118e-15

-9.491996607747490e-03 -2.341876692568690e-17
6.223585669658737e-03 4.987329993433320e-18
-1.977762158549735e-02 -1.561251128379126e-17
-6.783799304759838e-01 3.608224830031759e-16
4.289989421752626e-01 0.000000000000000e+00
1.565663880232866e+00 3.330669073875470e-16
3.571556701895307e+00 5.551115123125783e-16

1.390078237786659e+00 1.511013536514838e-13
-8.922539040280812e-03 7.589415207398531e-17
3.430549150072181e-02 -4.085273785925381e-16
3.999866071012504e-01 2.470246229790973e-15
3.831667198156618e-01 -8.604228440844963e-16
1.522954231711989e+00 7.938094626069869e-15
3.449915474258474e+00 7.771561172376096e-16

3.143223455753967e-01 -9.020562075079397e-17
4.931070655300413e-01 4.302114220422482e-16
4.076844911340692e-02 -5.204170427930421e-18
-3.536715118111036e-21 3.097476519396555e-21
8.861924171744233e-20 -2.752626407369738e-19
-5.192895062694495e-03 7.697835424647081e-18
3.335605920893134e-01 2.775557561562891e-17

7.891078812175947e-02 -4.371503159461554e-16
2.649649859725547e-02 -1.578598363138894e-16
3.110422637086667e-01 7.757683384568281e-15
2.584021203156915e+00 1.083577672034153e-13
1.432261532827761e+00 5.839773109528323e-14
2.259399832667968e+00 9.370282327836321e-14
6.368072854820611e-01 -1.443289932012704e-15

0.389710702708204289726768827421e0 -0.302743061016927797278545578059e-16
0.665383378778197915697706034944e-20 -0.296110732016799705592556119519e-19
0.552132772704916373550261832372e-1 0.157180440414201517482245160611e-17
0.472976812398629745692294367629e0 0.117849262594143317828517462132e-16
0.127569886079777588928620824254e-1 0.212824480567576898694494510324e-18
0.364773635002563745737495904140e-18 -0.247015014567555216290439316309e-18
0.311323240447538790109803604402e0 0.162837600667467574944156313243e-16

7.040868991741709e-01 -4.701794509287538e-14
-4.929639198385434e-16 -2.948122835363437e-15
1.223686001814253e-15 6.722975926937222e-15
-1.934460519975691e+01 1.172395514004165e-12
-1.213077234743912e+01 7.789324740770098e-13
-1.825471427792413e+01 1.129762949858559e-12
8.446044423240691e-01 -3.552713678800501e-15

3.753310379554210e-01 -8.312794896880860e-15
1.770670813285727e-01 1.089406342913435e-15
4.859386522219027e-01 -1.262878690511116e-15
3.912400985283316e-18 -1.253598359178891e-18
6.602773589846158e-18 -2.434121155921639e-18
1.799084630879363e+00 2.076117056049043e-14
3.651728381705817e+00 1.099120794378905e-14

7.463513164884913e-02 -2.671474153004283e-16
1.234228025503258e-19 1.294819230339065e-19
-2.362183115709026e-19 -4.550718600001093e-19
-1.442478904868457e+00 -1.082467449009528e-15
4.097096327195233e-01 -1.665334536937735e-16
1.369285455237009e+00 6.383782391594650e-16
3.022410351480706e+00 -1.665334536937735e-16

0.240700517792177153217e0 0.961890614901983465046e-17
0.867785950900734920669e0 0.301137153407848856546e-16
0.114334093232594068330e0 -0.509913834247088804119e-18
0.286805307825545188440e0 0.894466792300541158056e-17
0.162606464378465835017e0 0.355753837846806142409e-17
0.231832991033193349414e0 0.203965533698835521648e-17
-0.334908459901285929770e0 -0.181197288076639928533e-16

0.112258379237098035648e1 -0.111632166184538750286e-15
0.701907817468331399983e0 -0.193801138331783917579e-17
0.347707298672261058957e0 0.923943538864990809856e-17
-0.379692967234896085232e-19 0.888451660766219744835e-18
0.154608065893080957014e0 0.272066982658081268909e-17
0.132265517868066007382e1 0.125767452008318514345e-16
-0.344998739778396035292e1 0.175207071073657516536e-15

-1.741437202775014e-01 3.599551212651875e-16
3.784859496439909e-02 -2.152141312383726e-17
4.016288467464083e-01 1.214306433183765e-17
5.659847204443520e-01 6.938893903907228e-17
1.269695796776415e-01 -1.235990476633475e-17
1.252617048737897e+00 -4.336808689942018e-17
3.492371805728134e+00 0.000000000000000e+00

1.122583792370293e+00 3.205213872092827e-13
7.019078174683318e-01 -1.942890293094024e-16
3.477072986722621e-01 -5.065392549852277e-16
4.887786220184203e-18 -2.677987255530668e-18
1.546080658930823e-01 -6.938893903907228e-16
1.322655178680645e+00 7.771561172376096e-15
3.449987397783958e+00 1.776356839400250e-15

1.440506414245592e-01 -1.387778780781446e-17
-1.739104376936210e+00 -3.397282455352979e-14
1.312341922206922e-01 -2.012279232133096e-16
7.168640629835926e-18 1.429682783933231e-18
4.985617336020123e-01 5.551115123125783e-17
6.098705507524294e-01 7.771561172376096e-16
2.446164151497975e+00 2.636779683484747e-16

1.103492472943718e-01 6.938893903907228e-17
-7.780814536013803e-20 7.069596417906025e-20
2.677946819399709e-01 2.220446049250313e-16
7.318033652366128e-01 1.665334536937735e-15
-8.217611852447126e-02 -9.367506770274758e-16
-8.703728796244034e-20 7.958998037424412e-20
1.202505996028558e+00 1.859623566247137e-15

3.897107027082051e-01 5.516420653606247e-16
4.729768123986284e-01 -7.181755190543981e-16
5.521327727049169e-02 4.076600168545497e-17
1.007538271775628e-20 3.642633528660475e-20
1.275698860797781e-02 2.889398789673869e-17
-1.688548642117592e-21 2.105115739561759e-19
3.113232404475387e-01 -5.551115123125783e-17

1.103492472943718e-01 -5.204170427930421e-17
7.318033652366027e-01 -2.303712776097200e-15
2.677946819399725e-01 -2.706168622523819e-16
7.524291326233732e-20 2.512494498926496e-19
-8.217611852447156e-02 7.407269242420966e-16
7.610038245902543e-20 2.645577030236808e-19
1.202505996028562e+00 -1.582067810090848e-15

7.463513164885124e-02 -2.775557561562891e-16
-1.442478904868428e+00 -4.107825191113079e-15
-1.907418139815977e-20 -1.961272436564541e-20
5.136368013607162e-21 3.404538817917787e-21
4.097096327195245e-01 -1.110223024625157e-16
1.369285455237005e+00 5.551115123125783e-16
3.022410351480711e+00 -3.330669073875470e-16

6.337808723564801e-01 -7.122080702970379e-14
-1.760332459320100e-02 2.048708425128609e-15
4.155598507770446e-02 -3.726186026398182e-15
-1.688391229633153e+01 1.683986283751437e-12
-1.062138699450364e+01 1.147526518252562e-12
-1.595563190147719e+01 1.642241898025532e-12
8.485604446931775e-01 -8.493206138382448e-15

2.332248001114755e-01 -1.387778780781446e-17
3.060584712542011e-02 -1.734723475976807e-18
1.561772779240659e-18 -4.490163700704000e-19
4.279091962015550e-01 1.110223024625157e-16
-3.300773366776018e-02 6.938893903907228e-18
-2.069020854949360e-18 2.231966526426167e-19
4.310242703465900e-01 -1.110223024625157e-16

9.122534508617075e-02 -2.775557561562891e-17
7.392876274538672e+00 1.733724275254644e-12
6.793021480485634e-02 4.163336342344337e-17
6.121186410573198e-01 2.775557561562891e-16
8.724591617818704e-01 1.115774139748282e-14
7.875014058414002e-01 2.220446049250313e-16
1.811863778016636e+00 -1.998401444325282e-15

3.753310379554002e-01 1.353084311261910e-15
1.326766601062208e-18 9.233889927209831e-18
4.859386522218996e-01 5.551115123125783e-17
1.770670813285754e-01 2.602085213965211e-16
2.377442788175715e-18 1.558444092005687e-17
1.799084630879416e+00 -2.692290834716005e-15
3.651728381705847e+00 -1.665334536937735e-15

0.109969318752730205162250253917e0 -0.971267386698139239346091651232e-18
0.753366600391248978424592429560e0 0.382551887996495573434135538756e-16
0.141782090842278830943095258779e0 0.635253018132138764319385499947e-17
-0.840226280720924158034483290296e0 0.235771102854428580166582268354e-15
-0.461083575473687985563681791754e0 0.131292008622091373956577694857e-15
-0.754776471395005536714741151834e0 0.210964896506399798125390735500e-15
0.721779055312577034257695956622e0 0.570781668271155191710700457064e-17

0.466032132271547618184031650971e1 -0.331766533072599912562818439111e-16
0.327132785172773600173527998255e-19 0.614786299146576123318295024658e-20
-0.636593176487754023564150724639e-19 -0.890410152840821915588403031914e-20
-0.969933195146069740112700426080e-1 -0.308266294976032487182204575354e-18
0.405021737263291536511887181995e0 0.864485191079544365172195304270e-17
0.156454067160473864896333170414e1 0.149666932096274482624644011203e-16
-0.345193281231759634169502377282e1 -0.753980514405656794117417323489e-16

9.428482176727468e-01 -5.134781488891349e-15
-2.885226301129339e-01 9.436895709313831e-16
7.460660129187947e-17 2.249141146245614e-17
-1.903707869043737e-17 -1.564702382411539e-17
-1.410549312740298e-01 3.330669073875470e-16
-2.451604196424092e-01 6.349087922075114e-16
-2.940369805038344e-01 -8.326672684688674e-17

1.245063632585511e-02 -1.218643241873707e-16
7.051693742249556e-01 -5.828670879282072e-16
3.684655157990183e-01 1.387778780781446e-16
-1.334116338356850e+00 -2.609024107869118e-15
1.329530976883786e-01 3.261280134836397e-16
1.322255983997059e+00 3.774758283725532e-15
-3.419164676172310e+00 -6.661338147750939e-15

0.861372040125337886394e0 0.339829618438425296034e-17
-0.955773597049567362049e-18 0.181054154111257352951e-18
0.622193811580419071357e-1 0.186347248395946074595e-19
0.503103848516923900610e-1 -0.408799276168606701143e-17
-0.992335155731298749110e-18 -0.480573862130833050069e-18
-0.354396331479981010186e-1 -0.495196636788545335728e-18
-0.292693611892654982122e0 0.116551733542191726656e-17

1.390078237787606e+00 3.410743909526559e-13
3.999866071012614e-01 3.726186026398182e-15
3.430549150072085e-02 -5.299580219109146e-16
-8.922539040280775e-03 8.901299836105991e-17
3.831667198156591e-01 -1.280225925270884e-15
1.522954231712011e+00 1.125488591213752e-14
3.449915474258478e+00 1.887379141862766e-15

1.046171694716287e-01 -1.023486850826316e-15
-4.657543107045474e-20 -7.390560422571714e-20
2.808809307506958e-20 2.660233732482419e-19
-1.071620019565399e+00 -1.054711873393899e-14
4.248269335677499e-01 -3.469446951953614e-16
1.332440928030538e+00 6.938893903907228e-16
3.103789842320867e+00 -3.108624468950438e-15

1.964784726249900e+00 4.121702978920894e-14
2.077614419793316e-01 5.030698080332741e-17
1.799906273704236e-02 1.537398680584445e-16
-4.347911299022792e-18 -1.516475559098219e-18
3.932069486915306e-01 2.029626466892864e-16
1.545004988293216e+00 -2.019218126037003e-15
3.451330348524088e+00 -1.110223024625157e-16

0.174363886667727367568664787113e0 0.288431502223224168295899933385e-17
0.267663177498758638990010169543e0 0.218626602446654449871551661188e-16
0.449511451258214031574653290008e0 0.221148581341709925146989681740e-16
0.150509222253277039012841764318e-1 0.106565369195179767649152620668e-17
0.266694948926317147519046130023e-1 -0.299270821797976192695070214195e-18
0.640869671066020796629254064218e1 0.485993477415604898950968782593e-15
-0.640806617735578019214474783770e1 -0.651666483859352528538478168034e-15

1.919860362250573e-01 -5.551115123125783e-17
4.838341297245543e-01 -2.775557561562891e-17
7.194553123049455e-18 -4.594378743967863e-19
1.430978242926476e-01 1.110223024625157e-16
7.596089489919189e-18 -1.522063957175801e-18
9.449495366961057e-02 7.632783294297951e-17
5.324329638638385e-01 3.885780586188048e-16

0.933739379762645466674e-1 0.160343336915239054186e-17
0.617818331569575831586e0 -0.104354459101729801773e-17
0.613954002285692035268e-1 -0.222769665127880989175e-18
0.254501529130039758658e-2 0.471826468378207155435e-17
0.732662587598718976383e0 -0.320991605691489656493e-16
0.788876423541543896165e0 -0.806375365786093922793e-17
0.187165966050487960458e1 0.233645568170626205529e-16

7.891078812175834e-02 -3.747002708109903e-16
2.584021203157132e+00 3.508304757815495e-14
3.110422637086863e-01 4.884981308350689e-15
2.649649859725512e-02 -2.081668171172169e-17
1.432261532827878e+00 1.909583602355269e-14
2.259399832668154e+00 2.953193245502916e-14
6.368072854820557e-01 -1.942890293094024e-15

9.122534508617075e-02 -3.252606517456513e-18
6.121186410573193e-01 1.144917494144693e-16
6.793021480485636e-02 1.366094737331736e-17
7.392876274540328e+00 2.967071033310731e-14
8.724591617818747e-01 -5.811323644522304e-16
7.875014058413988e-01 1.058181320345852e-16
1.811863778016636e+00 -1.110223024625157e-16

8.833779460455000e-02 1.214306433183765e-16
2.101910135814422e+00 6.827871601444713e-15
4.158007536472684e-01 -5.967448757360216e-16
2.073014346289615e-01 -6.314393452555578e-16
1.146735410885789e+00 -3.774758283725532e-15
3.353449980517649e-01 -1.387778780781446e-16
1.645292246526433e+00 0.000000000000000e+00

-9.491996607747645e-03 -2.220446049250313e-16
6.223585669658719e-03 -1.734723475976807e-18
-1.977762158549734e-02 1.301042606982605e-17
-6.783799304759847e-01 -6.106226635438361e-16
4.289989421752626e-01 2.775557561562891e-17
1.565663880232866e+00 -5.551115123125783e-17
-3.571556701895305e+00 -1.110223024625157e-15

0.124506363258544430622e-1 0.762503294283057436731e-16
-0.133411633835684613361e1 0.264436909869214531454e-15
0.368465515799018491041e0 0.379199709826805175794e-16
0.705169374224955334640e0 -0.226327203506349050599e-16
0.132953097688378842084e0 0.760296773455459984348e-17
0.132225598399706023361e1 -0.249366499671666019822e-17
-0.341916467617231449681e1 0.641847686111418624932e-16

3.922983608550670e-02 -5.204170427930421e-18
-1.354398750714653e-19 2.475867377916686e-19
2.420465648661374e-01 -4.128641872824801e-16
-5.191570536515789e+00 -3.418931804333170e-13
4.233172439049479e-02 5.074066167232161e-16
1.188587135009446e+00 4.024558464266192e-16
2.448935124430283e+00 8.326672684688674e-17

7.040868991746856e-01 1.054711873393899e-13
-1.934460519977240e+01 -3.080202759520034e-12
6.643836088872086e-17 1.367348113910928e-16
4.096458151118737e-18 1.483925789386931e-17
-1.213077234744903e+01 -1.986855124869180e-12
-1.825471427793890e+01 -2.945199639725615e-12
8.446044423240925e-01 5.551115123125783e-15

1.480127596925235e-01 -2.359223927328458e-16
-8.406739564857169e-01 -2.942091015256665e-15
3.681541752837851e-02 -5.204170427930421e-17
-1.625351823024241e-02 7.372574772901430e-17
4.495047552098034e-01 -5.551115123125783e-17
1.045482607229888e+00 -3.330669073875470e-16
2.927150621700434e+00 -1.332267629550188e-15

1.919860362250574e-01 -2.775557561562891e-17
1.430978242926475e-01 -1.387778780781446e-17
-4.173305039302575e-19 3.212711945299411e-19
4.838341297245551e-01 1.110223024625157e-16
-5.062440245166150e-19 2.455667641392814e-19
9.449495366961054e-02 -1.387778780781446e-17
5.324329638638385e-01 -8.326672684688674e-17

4.660321322749033e+00 2.689748423989613e-11
2.837451577480391e-17 -2.621527376845654e-17
-2.895289687597371e-17 4.349931301277395e-17
-9.699331951458032e-02 1.492209134035249e-14
4.050217372632894e-01 -1.311450947838466e-15
1.564540671604752e+00 7.910339050454240e-15
3.451932812317597e+00 5.551115123125783e-16

0.247496281478414791079e0 -0.149077798716756859676e-18
0.417948133538073795715e0 -0.697955148537543479392e-18
-0.533831446073917079512e-18 -0.312830604209237559666e-18
0.387505234542362327521e-17 -0.616735714650205924086e-18
-0.419769649702583211279e-1 -0.508219768352580203441e-18
-0.233079234634721832279e-1 -0.579370535921941431923e-18
-0.409690901548257029193e0 -0.135525271560688054251e-18

0.106923821145172211642e0 -0.381164826264435152581e-18
0.597483602168978120541e0 -0.936818439663256175010e-18
0.962433269272630771810e-1 0.643829743207993687726e-17
0.137444211921138302146e1 -0.371129179905366202163e-15
0.291324334071320387911e0 0.620028117390147848198e-17
0.569771615840742858136e0 -0.492634362123101077202e-17
-0.882531587495928183083e0 0.259395369767156935836e-16

0.633780872355941454511866987147e0 0.511399894659051562091705392519e-16
-0.168839122963149291276419390687e2 -0.179233242377551751534577289595e-14
0.415559850777113059181194606942e-1 -0.305245191035399717193557821009e-16
-0.176033245932053645302178401249e-1 0.137904617655461301125769496137e-16
-0.106213869944930839525383788692e2 -0.109894894268785069050960654659e-14
-0.159556319014613980901288717820e2 -0.167434332778318065277612484381e-14
-0.848560444693158060293710097627e0 0.334442094857108481513327481677e-17

1.099693187527302e-01 -4.857225732735060e-17
7.533666003912500e-01 -3.053113317719180e-15
1.417820908422788e-01 1.110223024625157e-16
-8.402262807209228e-01 -1.665334536937735e-16
-4.610835754736873e-01 -5.551115123125783e-17
-7.547764713950043e-01 -1.665334536937735e-16
-7.217790553125769e-01 -5.551115123125783e-17

0.233224800111475584759e0 -0.253161207275365285341e-16
0.306058471254201428072e-1 -0.190243599953315856155e-17
-0.133485159726834355977e-18 0.254741306319803655724e-18
0.427909196201554509518e0 -0.390719357909463660405e-16
-0.330077336677601327293e-1 0.289515861371519855894e-17
0.413600880503336984292e-18 -0.940819484276463795112e-19
-0.431024270346589573214e0 0.706086664831184762647e-17

0.633780872355941445265298523476e0 -0.117935593176627400447836063058e-15
-0.176033245932053683398809139017e-1 -0.272981111271686523364212538958e-16
0.415559850777113117933067454974e-1 0.691239457333549822294769562460e-16
-0.168839122963149288010969005252e2 0.412286423082375629700086797181e-14
-0.106213869944930837528500788440e2 0.252989504878890410903874905258e-14
-0.159556319014613977853743602387e2 0.385262462092108802581382994121e-14
-0.848560444693158061037378498006e0 -0.750405272284914671145537515774e-17

8.833779460454998e-02 -2.428612866367530e-17
2.101910135814378e+00 4.718447854656915e-15
4.158007536472678e-01 4.024558464266192e-16
2.073014346289619e-01 -6.938893903907228e-17
1.146735410885773e+00 6.716849298982197e-15
3.353449980517647e-01 -2.775557561562891e-17
-1.645292246526432e+00 -3.330669073875470e-16

0.148012759692523357394e0 0.182112083659674572900e-17
-0.162535182302424030887e-1 -0.105243843696346817129e-18
0.368154175283785401500e-1 0.516266581351496056662e-18
-0.840673956485718668356e0 0.106251812903579434533e-16
0.449504755209803302427e0 0.890062220974818796293e-17
0.104548260722988770705e1 0.174014448683923461658e-16
-0.292715062170043309963e1 0.174990230639160415649e-15

1.390078237787951e+00 -3.065603326746213e-14
3.999866071012649e-01 -1.165734175856414e-15
3.430549150072046e-02 2.094678597241995e-16
-8.922539040280715e-03 -5.410168840702667e-17
3.831667198156581e-01 4.440892098500626e-16
1.522954231712020e+00 -3.802513859341161e-15
-3.449915474258479e+00 0.000000000000000e+00

1.480127596925232e-01 4.163336342344337e-17
-8.406739564857215e-01 5.551115123125783e-16
3.681541752837848e-02 3.122502256758253e-17
-1.625351823024237e-02 -2.688821387764051e-17
4.495047552098032e-01 8.326672684688674e-17
1.045482607229888e+00 -3.330669073875470e-16
-2.927150621700433e+00 -2.220446049250313e-16

1.440506414245591e-01 9.020562075079397e-17
1.413826662212811e-17 -3.190455318700084e-19
1.312341922206923e-01 2.081668171172169e-16
-1.739104376936188e+00 4.510281037539698e-14
4.985617336020119e-01 1.457167719820518e-16
6.098705507524294e-01 -8.326672684688674e-16
2.446164151497975e+00 -2.775557561562891e-16

2.955946317870613e-01 -1.387778780781446e-16
8.791160420776205e-03 -3.382710778154774e-17
3.773870154627199e-02 2.428612866367530e-17
4.982045614652557e-01 7.216449660063518e-16
1.700512926281023e-18 -2.869048505119434e-18
4.105047563329293e-18 -6.669838180104352e-18
3.430106421880303e-01 1.110223024625157e-16

2.474962814784148e-01 8.326672684688674e-17
4.179481335380740e-01 -1.804112415015879e-16
-4.726420677976496e-19 5.424714890229084e-18
-2.860649966160348e-18 -3.842128118118041e-19
-4.197696497025833e-02 1.387778780781446e-17
-2.330792346347220e-02 -5.204170427930421e-18
4.096909015482570e-01 -8.326672684688674e-17

1.196318052627243e-01 5.030698080332741e-17
6.782120847104413e-17 4.089075549082733e-16
2.214527399774671e-01 4.093947403305265e-16
1.657094886804309e-01 -1.672273430841642e-15
6.249145394703696e-01 9.020562075079397e-17
4.177547132299665e-01 -9.228728892196614e-16
1.971543551036474e+00 -2.220446049250313e-16

8.613720401253159e-01 6.772360450213455e-15
5.031038485169539e-02 -4.614364446098307e-16
6.221938115804156e-02 1.769417945496343e-16
1.874697108386140e-19 7.215880788450549e-17
1.002229631973135e-16 5.859366091219979e-17
-3.543963314799749e-02 -8.413408858487514e-17
2.926936118926552e-01 -8.326672684688674e-17

9.428482176727548e-01 -5.828670879282072e-15
-1.144711711746390e-19 2.238106852261405e-19
2.179824228664630e-18 -2.035311793835623e-18
-2.885226301129349e-01 8.465450562766819e-16
-1.410549312740303e-01 2.914335439641036e-16
-2.451604196424099e-01 5.273559366969494e-16
2.940369805038343e-01 5.551115123125783e-17

0.105707532925986982233e0 -0.127054942088145050860e-17
0.709737623000501878062e-1 0.105912999724677714397e-16
0.372822991598465270410e0 0.197595845935483183098e-16
-0.153938673876806632154e3 0.137076808237601710516e-11
-0.114394255323779716955e3 -0.658455928670420576054e-12
0.253251610673561735568e0 0.804342486712683601979e-17
0.173204664607116050985e1 -0.223345647532013913406e-16

8.292931961852888e-02 -6.487865800153259e-16
1.676913330089186e-01 -2.019218126037003e-15
2.313652421927558e-01 -2.588207426157396e-15
1.327185723908246e+00 2.775557561562891e-14
1.425136057756123e-01 -7.008282842946301e-16
1.583871196669560e-01 -2.359223927328458e-15
8.060084391730966e-01 -1.676436767183986e-14

9.812125090178038e-02 8.326672684688674e-17
4.122827466241274e-02 1.092528845170193e-14
2.370853021420923e-01 -6.050715484207103e-15
1.008818368417067e+00 1.302291607885309e-13
2.972478414847818e-02 5.124373148035488e-15
4.073315431624806e-02 1.067895771811322e-14
9.650164610890546e-01 -9.409140133698202e-15

0.119631805262724579678e0 0.748777125372801499736e-18
0.165709488680429884895e0 -0.265134865017752074934e-15
0.221452739977466173360e0 0.677626357803440271255e-18
-0.121622769511841999704e-15 0.215365333182523442636e-15
0.624914539470367390273e0 -0.512285526499400845069e-17
0.417754713229967284679e0 -0.137016049547855622848e-16
0.197154355103647799393e1 -0.154498809579184381846e-15

1.964784726249875e+00 -4.931888231141102e-13
2.918513593097937e-18 -4.394093178073997e-19
1.799906273704173e-02 -5.854691731421724e-17
2.077614419793309e-01 -1.595945597898663e-16
3.932069486915302e-01 -2.081668171172169e-17
1.545004988293222e+00 5.273559366969494e-16
3.451330348524088e+00 -2.220446049250313e-16

9.250285105540437e-02 3.642919299551295e-17
-2.843812560391161e-18 3.411923667227541e-17
6.147291936937190e-02 2.723515857283587e-16
6.185419509638400e-01 -7.077671781985373e-16
7.500979169486298e-01 -5.412337245047638e-16
7.932688643606595e-01 -7.216449660063518e-16
1.856748837017148e+00 4.440892098500626e-16

2.332248001114756e-01 2.775557561562891e-17
4.279091962015544e-01 -8.326672684688674e-17
-1.322005253614385e-18 1.028038830044283e-18
3.060584712542016e-02 -1.734723475976807e-18
-3.300773366776015e-02 1.040834085586084e-17
1.093306859552109e-18 2.690392464996965e-19
4.310242703465897e-01 -8.326672684688674e-17

0.100094861342758148111e0 0.414029704617902005737e-17
-0.241778062528825959802e-17 -0.188446093643822958952e-17
0.233306540688546932769e0 -0.111130722679764204486e-17
0.945777194020558610783e0 0.323634348486923073551e-16
-0.123617221449908913101e-21 -0.782737372369931815140e-22
0.105184172317670996811e-3 -0.182817834158304816112e-17
0.955676885797297394169e0 -0.255329611620336294209e-16

1.046171694716302e-01 -2.636779683484747e-16
-1.071620019565380e+00 -4.329869796038111e-15
1.057159429298912e-20 -2.366868995381178e-21
-3.380076571825317e-21 4.057491977393355e-22
4.248269335677502e-01 -1.110223024625157e-16
1.332440928030538e+00 -4.440892098500626e-16
3.103789842320873e+00 -1.332267629550188e-15

6.337808723562168e-01 -6.639133687258436e-14
-1.688391229632306e+01 2.247091401841317e-12
4.155598507770797e-02 4.544975507059235e-16
-1.760332459320333e-02 -3.747002708109903e-16
-1.062138699449831e+01 1.398881011027697e-12
-1.595563190146916e+01 2.123634601502999e-12
8.485604446931716e-01 -3.885780586188048e-16

0.104617169471629007620e0 0.723179789706776543490e-16
-0.518173680390020133569e-18 -0.898102090064333872014e-19
0.138889711807052523329e-17 0.924159028897841028210e-18
-0.107162001956539238920e1 0.776559806042742550858e-15
0.424826933567749980095e0 0.202068179896985888888e-16
0.133244092803053892709e1 -0.840392208947826624410e-16
-0.310378984232086920815e1 -0.353883589099268647260e-15

0.295594631787061514562e0 0.664886982276735594155e-16
0.498204561465255723658e0 0.237033699959643406885e-16
0.377387015462720188800e-1 0.172049332246293484872e-16
0.879116042077610783983e-2 -0.967428092794658453513e-17
-0.143301327295996917953e-16 0.107676909478449848835e-16
-0.672075387191214157783e-16 -0.133575801740209921909e-17
-0.343010642188030212801e0 0.367951112287268067291e-16

1.000837409939711e-01 -9.714451465470120e-17
9.458497155835405e-01 -5.850875339774575e-14
2.332495923393612e-01 1.164346397075633e-14
-1.088779061202376e-04 1.459945987887512e-16
-3.846048249660577e-23 1.273662588521384e-21
-7.932409644449176e-20 7.903862553244145e-19
-9.553094333462776e-01 -3.114175584073564e-14

0.593877397857579905811e0 0.572594272343907029210e-17
0.323503034438598259813e0 0.480775900861540872455e-17
0.673615338612533905399e-1 0.431986803099693172925e-18
-0.746886176338006016469e-20 0.117762032101175206705e-20
0.206248297709394756208e-1 0.498902405932782899711e-18
-0.588844836522485809798e-20 0.387737671352832856258e-20
-0.296446319393049743593e0 0.852453958116727861238e-17

1.069238211451732e-01 2.775557561562891e-16
1.374442119212036e+00 4.424238753131249e-14
9.624332692726181e-02 1.302777330458582e-15
5.974836021689618e-01 6.952771691715043e-15
2.913243340713089e-01 5.162537064506978e-15
5.697716158407273e-01 3.386180225106727e-15
-8.825315874959263e-01 1.382227665658320e-14

