  1.9647847262515159e+000  2.0776144197933111e-001  1.7999062737041382e-002  2.0352386483780720e-018  3.9320694869152994e-001  1.5450049882932253e+000 -3.4513303485240883e+000
  7.8910788121759168e-002  2.6496498597254989e-002  3.1104226370867222e-001  2.5840212031569370e+000  1.4322615328277730e+000  2.2593998326679841e+000 -6.3680728548205756e-001
  8.8337794604549935e-002  2.0730143462896231e-001  4.1580075364726793e-001  2.1019101358143746e+000  1.1467354108857633e+000  3.3534499805176482e-001 -1.6452922465264308e+000
  9.3373937976264601e-002  2.5450152913005218e-003  6.1395400228569201e-002  6.1781833156957588e-001  7.3266258759871805e-001  7.8887642354154375e-001 -1.8716596605048803e+000
  8.3262277727629078e-002  1.4186617188470370e-002  3.3218976723969562e-001  1.9734150217845481e+000  3.5056101253353983e-002  7.4966655340902777e-001  2.2534870111790100e+000
  1.0692382114517260e-001  5.9748360216895946e-001  9.6243326927261785e-002  1.3744421192094349e+000  2.9132433407130698e-001  5.6977161584072622e-001  8.8253158749593696e-001
  1.0692382114517220e-001  1.3744421192113827e+000  9.6243326927263076e-002  5.9748360216897822e-001  2.9132433407132047e-001  5.6977161584074298e-001  8.8253158749592853e-001
  2.4070051779217599e-001  2.8680530782554609e-001  1.1433409323259421e-001  8.6778595090073418e-001  1.6260646437846629e-001  2.3183299103319399e-001  3.3490845990128632e-001
  3.8971070270820440e-001  4.7297681239862982e-001  5.5213277270491648e-002  1.0534863761041547e-020  1.2756988607977762e-002  6.8866091156180508e-020 -3.1132324044753884e-001
  9.1225345086170764e-002  6.1211864105731983e-001  6.7930214804856309e-002  7.3928762745376595e+000  8.7245916178186378e-001  7.8750140584139994e-001 -1.8118637780166380e+000
  1.7436388666772734e-001  1.5050922225327701e-002  4.4951145125821401e-001  2.6766317749875862e-001  2.6669494892631714e-002  6.4086967106602080e+000 -6.4080661773557805e+000
  8.3262277727629064e-002  1.9734150217845601e+000  3.3218976723969540e-001  1.4186617188470431e-002  3.5056101253354031e-002  7.4966655340902766e-001 -2.2534870111790113e+000
  2.4070051779217960e-001  8.6778595090074040e-001  1.1433409323259440e-001  2.8680530782554520e-001  1.6260646437846621e-001  2.3183299103319360e-001  3.3490845990128482e-001
  8.8337794604549935e-002  2.0730143462896231e-001  4.1580075364726793e-001  2.1019101358143746e+000  1.1467354108857633e+000  3.3534499805176482e-001  1.6452922465264308e+000
  9.8121250901777021e-002  1.0088183684175303e+000  2.3708530214203494e-001  4.1228274662427344e-002  2.9724784148500605e-002  4.0733154316260012e-002  9.6501646108884676e-001
  2.9559463178706136e-001  8.7911604207762169e-003  3.7738701546271992e-002  4.9820456146525571e-001  1.8913205576871036e-018  5.2548773449085816e-018 -3.4301064218803035e-001
  2.4070051779217880e-001  2.8680530782554509e-001  1.1433409323259430e-001  8.6778595090072952e-001  1.6260646437846599e-001  2.3183299103319319e-001 -3.3490845990128498e-001
  1.9198603622505719e-001  1.4309782429264781e-001  7.5371679168939722e-020  4.8383412972455381e-001  6.3692491500779171e-019  9.4494953669610693e-002 -5.3243296386383898e-001
  9.3373937976264601e-002  2.5450152913004081e-003  6.1395400228569291e-002  6.1781833156957544e-001  7.3266258759871594e-001  7.8887642354154353e-001  1.8716596605048810e+000
  1.0120251849222360e-001  1.2643642620345730e+000  3.1563274039890676e-001  2.1759796058207290e-001  2.0740135916886663e-017  3.6873451920218653e-001  1.7320508075688776e+000
  8.2929319618528521e-002  1.3271857239082008e+000  2.3136524219275686e-001  1.6769133300892144e-001  1.4251360577561475e-001  1.5838711966695865e-001  8.0600843917309739e-001
  3.7533103795539952e-001  1.7706708132857521e-001  4.8593865222189958e-001  8.8259954396349096e-018  1.5518214949225361e-017  1.7990846308794139e+000 -3.6517283817058468e+000
  9.2502851055405122e-002  6.1854195096383879e-001  6.1472919369371291e-002  2.7992309703291778e-016  7.5009791694860528e-001  7.9326886436065713e-001  1.8567488370171641e+000
  1.9647847262515170e+000  3.9947693354728377e-018  1.7999062737041376e-002  2.0776144197933108e-001  3.9320694869152994e-001  1.5450049882932249e+000 -3.4513303485240883e+000
  8.3262277727629036e-002  1.9734150217845530e+000  3.3218976723969540e-001  1.4186617188470450e-002  3.5056101253354101e-002  7.4966655340902832e-001  2.2534870111790131e+000
  9.8121250901777021e-002  4.1228274662427331e-002  2.3708530214203496e-001  1.0088183684175303e+000  2.9724784148500598e-002  4.0733154316260005e-002 -9.6501646108884664e-001
  1.7436388666772731e-001  2.6766317749875868e-001  4.4951145125821401e-001  1.5050922225327718e-002  2.6669494892631741e-002  6.4086967106602284e+000  6.4080661773557903e+000
  5.9387739785757954e-001  1.3069642153787905e-018  6.7361533861253362e-002  3.2350303443859862e-001  2.0624829770939462e-002  2.1408445097495890e-018  2.9644631939304977e-001
  8.2929319618528508e-002  1.6769133300892144e-001  2.3136524219275684e-001  1.3271857239082008e+000  1.4251360577561475e-001  1.5838711966695865e-001 -8.0600843917309739e-001
  8.2929319618529132e-002  1.3271857239082041e+000  2.3136524219275970e-001  1.6769133300892389e-001  1.4251360577561589e-001  1.5838711966696151e-001 -8.0600843917311460e-001
  9.8121250901777021e-002  1.0088183684175303e+000  2.3708530214203496e-001  4.1228274662427344e-002  2.9724784148500608e-002  4.0733154316260012e-002 -9.6501646108884664e-001
  9.1225345086170778e-002  7.3928762745377394e+000  6.7930214804856309e-002  6.1211864105732006e-001  8.7245916178186411e-001  7.8750140584140005e-001 -1.8118637780166382e+000
  7.8910788121758904e-002  2.5840212031570089e+000  3.1104226370867549e-001  2.6496498597255190e-002  1.4322615328278117e+000  2.2593998326680476e+000 -6.3680728548205834e-001
  9.3373937976264573e-002  6.1781833156957577e-001  6.1395400228569201e-002  2.5450152913004758e-003  7.3266258759871838e-001  7.8887642354154375e-001 -1.8716596605048801e+000
  1.1963180526272360e-001  2.6235423670434549e-017  2.2145273997746889e-001  1.6570948868043431e-001  6.2491453947037501e-001  4.1775471322996560e-001 -1.9715435510364629e+000
  8.3262277727629064e-002  1.4186617188470425e-002  3.3218976723969534e-001  1.9734150217845607e+000  3.5056101253354011e-002  7.4966655340902766e-001 -2.2534870111790113e+000
  1.1225837923709807e+000  1.2800239388327901e-019  3.4770729867226108e-001  7.0190781746833153e-001  1.5460806589308099e-001  1.3226551786806604e+000  3.4499873977839606e+000
  1.7436388666772734e-001  1.5050922225327701e-002  4.4951145125821401e-001  2.6766317749875862e-001  2.6669494892631714e-002  6.4086967106602071e+000  6.4080661773557805e+000
  7.8910788121759473e-002  2.6496498597255471e-002  3.1104226370866672e-001  2.5840212031569152e+000  1.4322615328277610e+000  2.2593998326679681e+000  6.3680728548206111e-001
  3.8971070270820429e-001  6.6538337877819789e-021  5.5213277270491634e-002  4.7297681239862976e-001  1.2756988607977759e-002  3.6477363500256373e-019  3.1132324044753878e-001
  3.7533103795542100e-001  1.7706708132857271e-001  4.8593865222190269e-001  3.9124009852833164e-018  6.6027735898461579e-018  1.7990846308793631e+000  3.6517283817058170e+000
  2.4070051779217716e-001  8.6778595090073496e-001  1.1433409323259407e-001  2.8680530782554520e-001  1.6260646437846585e-001  2.3183299103319335e-001 -3.3490845990128593e-001
  1.1225837923702930e+000  7.0190781746833175e-001  3.4770729867226208e-001  4.8877862201842029e-018  1.5460806589308229e-001  1.3226551786806451e+000  3.4499873977839579e+000
  9.1225345086170750e-002  7.3928762745386720e+000  6.7930214804856337e-002  6.1211864105731983e-001  8.7245916178187044e-001  7.8750140584140016e-001  1.8118637780166360e+000
  3.7533103795540018e-001  1.3267666010622079e-018  4.8593865222189958e-001  1.7706708132857540e-001  2.3774427881757149e-018  1.7990846308794159e+000  3.6517283817058468e+000
  1.7436388666772737e-001  2.6766317749875862e-001  4.4951145125821401e-001  1.5050922225327704e-002  2.6669494892631714e-002  6.4086967106602080e+000 -6.4080661773557805e+000
  1.9198603622505730e-001  4.8383412972455431e-001  7.1945531230494545e-018  1.4309782429264761e-001  7.5960894899191886e-018  9.4494953669610568e-002  5.3243296386383854e-001
  9.3373937976264546e-002  6.1781833156957588e-001  6.1395400228569201e-002  2.5450152913003977e-003  7.3266258759871894e-001  7.8887642354154386e-001  1.8716596605048796e+000
  7.8910788121758335e-002  2.5840212031571319e+000  3.1104226370868632e-001  2.6496498597255121e-002  1.4322615328278780e+000  2.2593998326681541e+000  6.3680728548205567e-001
  9.1225345086170750e-002  6.1211864105731928e-001  6.7930214804856365e-002  7.3928762745403276e+000  8.7245916178187466e-001  7.8750140584139883e-001  1.8118637780166360e+000
  8.8337794604550005e-002  2.1019101358144221e+000  4.1580075364726837e-001  2.0730143462896150e-001  1.1467354108857890e+000  3.3534499805176488e-001  1.6452922465264330e+000
  1.0692382114517221e-001  5.9748360216897811e-001  9.6243326927263076e-002  1.3744421192113829e+000  2.9132433407132041e-001  5.6977161584074287e-001 -8.8253158749592819e-001
  8.8337794604549977e-002  2.1019101358143781e+000  4.1580075364726782e-001  2.0730143462896189e-001  1.1467354108857730e+000  3.3534499805176471e-001 -1.6452922465264319e+000
  2.9559463178706130e-001  8.7911604207762048e-003  3.7738701546271992e-002  4.9820456146525571e-001  1.7005129262810231e-018  4.1050475633292928e-018  3.4301064218803029e-001
  1.1963180526272429e-001  6.7821208471044131e-017  2.2145273997746709e-001  1.6570948868043089e-001  6.2491453947036957e-001  4.1775471322996649e-001  1.9715435510364741e+000
  8.2929319618528882e-002  1.6769133300891861e-001  2.3136524219275581e-001  1.3271857239082461e+000  1.4251360577561231e-001  1.5838711966695601e-001  8.0600843917309661e-001
  9.8121250901780380e-002  4.1228274662412738e-002  2.3708530214209231e-001  1.0088183684170671e+000  2.9724784148478178e-002  4.0733154316248063e-002  9.6501646108905459e-001
  1.9647847262498750e+000  2.9185135930979369e-018  1.7999062737041729e-002  2.0776144197933091e-001  3.9320694869153022e-001  1.5450049882932220e+000  3.4513303485240878e+000
  1.0692382114517320e-001  1.3744421192120360e+000  9.6243326927261813e-002  5.9748360216896179e-001  2.9132433407130892e-001  5.6977161584072733e-001 -8.8253158749592631e-001
